
strategic_region={
	id=275
	name="STRATEGICREGION_275"
	provinces={
		31 45 73 88 112 119 123 146 175 189 206 272 305 359 370 381 390 634 777 983 1214 1216 1217 1284 1288 1299 1311 1323 1336 1341 1354 1365 1379 1380 1388 1422 1424 1454 1472 1483 1494 1501 1511 1557 1644 1675 1737 1754 1764 1773 1846 1858 1874 1891 1929 1950 1960 1969 1974 1992 2007 2009 2011 2040 2051 2063 2066 2100 2139 2151 2156 2161 2171 2177 2186 2187 2192 2210 2216 2219 3004 3017 3027 3041 3066 3102 3103 3112 3127 3139 3146 3167 3177 3186 3208 3264 3270 3294 3300 3363 3394 3605 4128 4214 4269 4314 4316 4326 4350 4356 4362 4372 4373 4377 4391 4400 4417 4422 4432 4467 4481 4505 4542 4632 4645 4787 4802 4833 4869 4978 4995 5017 5021 5028 5039 5054 5097 5101 5120 5121 5138 5151 5155 5160 5189 5202 5208 5211 5215 5220 5224 5227 5231 6008 6025 6027 6089 6110 6124 6133 6162 6171 6191 6213 6217 6224 6274 6278 6288 6297 6383 6388 6510 6607 6610 6797 7088 7161 7219 7275 7304 7345 7346 7359 7360 7375 7403 7435 7439 7445 7457 7506 7525 7592 7623 7666 7677 7753 7758 7794 7810 7820 7842 7875 7893 7919 7983 7996 8036 8048 8054 8056 8058 8152 8189 8201 8206 8207 8217 8219 8223 9050 9065 9114 9137 9146 9155 9172 9180 9192 9214 9232 9283 9293 9370 9580 9585 9634 9667 9740 9986 10025 10071 10145 10174 10176 10200 10214 10230 10241 10244 10258 10272 10280 10286 10302 10314 10328 10336 10338 10378 10417 10430 10442 10475 10530 10538 10621 10668 10679 10694 10707 10732 10739 10761 10762 10788 10805 10812 10818 10827 10857 10858 10908 10927 10930 10937 10941 10971 10972 10978 10982 10991 11000 11012 11016 11025 11051 11087 11110 11111 11124 11133 11149 11158 11170 11192 11193 11195 11228 11320 11352 11354 11365 11571 11585 11602 11682 11695 11725 11728 11934 12104 12112 12116 12153 12158 12160 12175 12187 12188 12203 12216 12218 12244 12250 12253 12272 12278 12290 12291 12311 12339 12382 12424 12430 12477 12511 12527 12582 12587 12600 12626 12692 12716 12719 12721 12762 12787 12824 12838 12873 12900 12907 12915 12921 12925 12926 12933 12940 12949 12963 12971 13040 13045 13048 13053 13094 13196 13202 13210 13400 13406 13418 13426 13435 13511 13512 13566 13576 13578 13579 13583 13584 13627 13947 14101 14143 14152 14179 14181 14189 14220 14230 14239 14240
	}
	weather={
		period={
			between={ 0.0 30.0 }
			temperature={ -36.0 -28.0 }
			no_phenomenon=1.500
			rain_light=0.250
			rain_heavy=0.100
			snow=0.000
			blizzard=0.000
			arctic_water=0.000
			mud=0.000
			sandstorm=0.000
			min_snow_level=0.000
		}
		period={
			between={ 0.1 27.1 }
			temperature={ -41.0 -36.0 }
			no_phenomenon=0.300
			rain_light=0.000
			rain_heavy=0.000
			snow=0.700
			blizzard=0.200
			arctic_water=0.000
			mud=1.500
			sandstorm=0.000
			min_snow_level=0.000
		}
		period={
			between={ 0.2 30.2 }
			temperature={ -37.0 -31.0 }
			no_phenomenon=0.400
			rain_light=0.020
			rain_heavy=0.000
			snow=0.500
			blizzard=0.100
			arctic_water=0.000
			mud=1.500
			sandstorm=0.000
			min_snow_level=0.000
		}
		period={
			between={ 0.3 29.3 }
			temperature={ -28.0 -20.0 }
			no_phenomenon=0.500
			rain_light=0.400
			rain_heavy=0.050
			snow=0.200
			blizzard=0.000
			arctic_water=0.000
			mud=1.500
			sandstorm=0.000
			min_snow_level=0.000
		}
		period={
			between={ 0.4 30.4 }
			temperature={ -13.0 -7.0 }
			no_phenomenon=0.450
			rain_light=0.400
			rain_heavy=0.100
			snow=0.150
			blizzard=0.000
			arctic_water=0.000
			mud=1.500
			sandstorm=0.000
			min_snow_level=0.000
		}
		period={
			between={ 0.5 29.5 }
			temperature={ 0.0 5.0 }
			no_phenomenon=0.450
			rain_light=0.300
			rain_heavy=0.100
			snow=0.000
			blizzard=0.000
			arctic_water=0.000
			mud=1.500
			sandstorm=0.000
			min_snow_level=0.000
		}
		period={
			between={ 0.6 30.6 }
			temperature={ 12.0 18.0 }
			no_phenomenon=0.500
			rain_light=0.350
			rain_heavy=0.100
			snow=0.000
			blizzard=0.000
			arctic_water=0.000
			mud=1.500
			sandstorm=0.000
			min_snow_level=0.000
		}
		period={
			between={ 0.7 30.7 }
			temperature={ 14.0 25.0 }
			no_phenomenon=0.450
			rain_light=0.400
			rain_heavy=0.100
			snow=0.000
			blizzard=0.000
			arctic_water=0.000
			mud=1.500
			sandstorm=0.000
			min_snow_level=0.000
		}
		period={
			between={ 0.8 29.8 }
			temperature={ 8.0 21.0 }
			no_phenomenon=0.400
			rain_light=0.350
			rain_heavy=0.050
			snow=0.020
			blizzard=0.000
			arctic_water=0.000
			mud=1.500
			sandstorm=0.000
			min_snow_level=0.000
		}
		period={
			between={ 0.9 30.9 }
			temperature={ -15.0 -11.0 }
			no_phenomenon=0.350
			rain_light=0.100
			rain_heavy=0.020
			snow=0.300
			blizzard=0.000
			arctic_water=0.000
			mud=1.500
			sandstorm=0.000
			min_snow_level=0.000
		}
		period={
			between={ 0.10 29.10 }
			temperature={ -23.0 -20.0 }
			no_phenomenon=0.300
			rain_light=0.020
			rain_heavy=0.000
			snow=0.500
			blizzard=0.050
			arctic_water=0.000
			mud=1.500
			sandstorm=0.000
			min_snow_level=0.000
		}
		period={
			between={ 0.11 30.11 }
			temperature={ -27.0 -18.0 }
			no_phenomenon=0.250
			rain_light=0.000
			rain_heavy=0.000
			snow=0.500
			blizzard=0.100
			arctic_water=0.000
			mud=1.500
			sandstorm=0.000
			min_snow_level=0.000
		}
	}
}
