1 12 8 10944 15290 15224 3344 3807 11234 207 6129 6126 15314 9353
1 5 53 137 11101 6184 3094
1 5 69 11528 3217 6415 560
1 16 121 15528 6101 15526 3077 15503 6203 15513 8203 85 15504 3176 15512 3101 15229 187
1 5 122 6145 9170 3059 3094
1 5 156 6178 11040 15356 11147
1 14 192 3145 91 11050 3058 3082 6107 128 9128 11104 9064 6092 9116 9140
1 7 197 3156 6045 3073 6134 11024 6146
1 3 197 9123 3121
1 3 197 11030 3107
1 3 222 11129 6242
1 3 272 381 12203
1 3 272 4362 9180
1 2 272 10244
1 6 291 5209 1305 7553 14153 1278
1 5 306 12440 3210 919 11336
1 2 338 12723
1 8 339 2001 4918 9152 11225 15498 11348 12723
1 5 339 8182 1966 497 12723
1 19 339 12858 6404 8248 12814 292 191 9514 8078 9354 12795 11243 12856 404 13954 372 6323 2202 6338
1 6 339 12985 3265 4952 12896 10860
1 3 360 9406 13298
1 7 386 9410 12476 363 3556 6280 560
1 5 402 11385 11274 11329 11386
1 5 407 3274 311 9364 6384
1 4 425 649 819 3395
1 4 434 9878 6877 3757
1 4 453 472 6995 6776
1 2 498 9474
1 3 520 7915 9474
1 3 543 6667 1206
1 4 544 11010 6563 10790
1 8 560 13483 13221 6579 13503 10636 10482 6232
1 4 568 9712 4008 767
1 6 580 9260 6304 9328 11601 9355
1 6 595 15468 11539 11816 6712 6960
1 4 610 781 6665 4347
1 7 705 6724 9618 9677 9638 3612 9680
1 2 714 11678
1 4 714 15011 15115 6692
1 3 714 15111 9649
1 3 726 3729 11707
1 2 765 6783
1 4 792 1108 10087 1056
1 6 792 4111 1074 7001 7151 7107
1 5 792 11919 1065 7176 7107
1 3 853 10783 12833
1 7 875 879 3810 6832 9881 858 13401
1 10 875 1178 7183 4080 9815 12070 6880 3790 3866 980
1 5 875 3871 950 12083 11807
1 5 875 6744 7198 10009 9979
1 7 885 11852 3735 3933 9857 6901 3816
1 3 952 9776 9843
1 4 957 3977 783 9766
1 4 980 970 11805 3861
1 2 980 9869
1 3 1047 1202 1162
1 3 1047 7108 10062
1 10 1047 7152 1187 12077 7039 11981 10105 4023 11926 7137
1 6 1047 11941 7210 7128 1023 10404
1 5 1047 12095 10080 9970 9982
1 8 1056 12442 12316 2013 901 10882 10804 10106
1 4 1056 13333 7140 12473
1 5 1116 12322 1197 1934 4425
1 3 1132 1019 11927
1 5 1153 4185 4038 13740 3992
1 4 1153 13706 1036 4619
1 7 1153 13746 12019 7104 1171 1099 13704
1 4 1162 4207 4165 9938
1 5 1162 11945 9942 4183 10057
1 2 1214 6110
1 2 1214 9146
1 6 1214 11016 2011 10200 7435 6288
1 5 1214 13511 6124 12721 9370
1 2 1221 10265
1 5 1228 4280 12114 10171 4557
1 4 1273 4291 7250 7411
1 6 1274 10322 12268 4381 1373 1533
1 6 1319 4559 7965 12898 13795 4425
1 5 1319 13752 13562 4192 4504
1 3 1319 13753 4501
1 7 1319 13797 13798 13808 13799 13800 12141
1 2 1330 12127
1 2 1367 8026
1 4 1367 13553 4925 12141
1 8 1367 13554 7256 4295 2006 13650 1976 7301
1 6 1378 12808 3330 12707 13227 10860
1 5 1409 12247 7363 8067 10808
1 2 1413 12293
1 2 1415 10165
1 10 1421 4399 7389 7417 10300 10243 12273 4427 1234 4241
1 12 1459 4686 12340 7556 10508 12177 10220 1272 1331 1303 12143 10312
1 6 1459 10488 2058 4923 12805 13497
1 6 1459 10660 7706 1825 4224 1591
1 7 1459 11687 4629 1554 1532 4618 1614
1 2 1468 4556
1 9 1489 828 13632 12432 13633 10451 7659 13636 7314
1 7 1492 1566 7603 4175 7974 4568 12433
1 3 1492 4585 4626
1 4 1492 7469 10920 4425
1 2 1533 7368
1 7 1533 10382 10354 7327 12302 7673 4652
1 7 1536 15157 12434 15148 10454 4825 1896
1 9 1572 12353 10407 10380 10352 7640 860 7583 12384
1 12 1591 1840 12526 7850 4709 10545 10614 5736 2074 10315 4914 7940
1 7 1591 10547 7795 10550 10680 1668 10653
1 12 1614 10395 7541 12233 10131 4303 1314 1429 12227 10224 7281 10256
1 9 1614 12465 7618 8099 12333 1521 7573 11671 8093
1 8 1630 2022 12797 7397 4403 1257 4375 10841
1 3 1630 3742 10724
1 6 1630 6638 556 5025 4939 8049
1 6 1630 12732 10490 4536 12846 7940
1 10 1652 4630 7608 7579 1498 5170 10950 12993 2201 8209
1 2 1667 1861
1 12 1709 7800 4780 12521 1294 1775 1292 1327 9292 12157 7401 10256
1 7 1743 1811 7812 1627 12485 4876 7894
1 5 1747 1875 7840 3855 4830
1 5 1793 12765 7821 7818 4742
1 3 1827 10588 12627
1 6 1836 1752 12685 12145 4790 4872
1 6 1847 7873 4809 13447 7848 10678
1 2 1847 7894
1 4 1847 12618 7897 7767
1 6 1896 4755 15134 6997 15136 12320
1 4 1896 12793 4553 7969
1 6 1896 12861 1822 5014 10811 10106
1 3 1984 2072 12766
1 12 2012 13613 3502 11510 9526 11537 11473 6491 11524 11469 11455 3618
1 2 2015 13497
1 4 2026 4928 4966 8117
1 3 2026 5067 12818
1 5 2026 12756 1922 7953 5005
1 5 2032 2002 10772 10066 9084
1 9 2032 12708 2076 13460 12884 7273 13463 1970 13497
1 3 2032 13465 2086
1 5 2054 7998 12041 10843 8007
1 4 2077 4965 4904 12867
1 2 2089 5005
1 3 2089 12113 8085
1 8 2089 12726 2004 7994 2097 3795 1600 10106
1 4 2116 1570 12451 10445
1 7 2116 2163 4453 4478 1537 12435 7859
1 6 2116 11006 5198 7610 12411 4560
1 6 2116 12934 2114 2130 12918 12910
1 10 2180 1290 4351 11480 7322 9453 642 475 3593 11701
1 2 2180 2229
1 2 2180 12128
1 4 2196 8205 12967 5180
1 7 3010 6754 1347 7761 10644 12571 10548
1 3 3094 9204 6115
1 3 3096 6118 11206
1 5 3107 3158 6183 6012 9140
1 13 3107 11204 6087 162 11164 11081 158 11121 195 66 3172 11065 3122
1 9 3133 12942 10375 9061 6156 6033 37 136 11043
1 4 3134 11183 6117 9140
1 10 3144 155 15421 15418 15420 11092 3033 9118 15406 15429
1 9 3144 157 15414 2998 15407 10390 6210 3185 6146
1 5 3144 3071 6096 134 11045
1 8 3174 15441 7630 83 15347 567 11123 11426
1 2 3296 9209
1 5 3350 6373 3378 13859 9289
1 3 3363 2186 7506
1 6 3412 422 3286 9558 9454 3483
1 5 3431 14995 9565 10953 11476
1 8 3456 1179 8066 7049 10735 7903 10139 8007
1 4 3465 11408 9564 7993
1 10 3505 8161 3489 509 484 11459 11450 11418 13849 9417
1 3 3529 13232 11474
1 5 3563 12812 9445 1883 5079
1 7 3587 6417 3417 3464 3443 6490 11400
1 7 3587 6781 15043 15009 9726 15029 11696
1 4 3587 14976 585 13597
1 2 3720 3734
1 3 3738 11703 11546
1 4 3799 3835 832 11807
1 3 3799 3891 3945
1 2 3799 6906
1 4 3816 813 9933 3945
1 4 3816 3954 13280 6966
1 4 3861 799 6924 9817
1 3 3861 3798 6996
1 3 3897 862 11817
1 5 3938 13231 6993 6879 3945
1 5 3960 2082 11743 9822 10798
1 5 3992 4083 7172 13745 10057
1 6 3992 9984 11961 4113 10042 4169
1 4 4059 4019 4147 7122
1 7 4075 1185 11936 10016 4397 10326 4260
1 4 4075 10103 4529 12433
1 6 4075 10129 9961 4339 7356 10496
1 4 4075 12048 1073 7518
1 4 4093 12078 12344 4174
1 12 4169 4196 13777 7027 11986 7071 7131 12057 10084 12030 7199 10057
1 13 4169 10069 4099 1055 4013 1168 10058 13776 9974 7058 1096 11991 7191
1 5 4174 13783 10367 1458 7314
1 7 4174 13784 1531 13642 13641 13640 8049
1 7 4228 12279 1372 10306 12236 10236 10265
1 5 4245 4062 4104 1101 10060
1 5 4246 7801 10722 1732 7767
1 9 4260 1520 4511 12360 12373 12388 12195 12224 7408
1 14 4260 10195 10238 12210 1563 1577 4363 1400 12150 7347 4401 10261 12260 7376
1 5 4347 4274 7398 3513 12211
1 9 4347 10305 10625 12607 1862 4736 4607 710 9713
1 2 4368 10298
1 2 4462 4487
1 9 4463 9645 15184 6689 15182 3672 15191 670 9628
1 5 4464 1615 4756 7422 12735
1 4 4501 1114 1196 7518
1 5 4501 1522 10776 13805 12433
1 9 4504 10616 8095 13717 7549 7521 13561 10039 10404
1 7 4504 10763 13437 1010 13780 13710 13708
1 7 4516 10361 7475 7565 7662 4616 11929
1 9 4542 6510 1341 14240 3167 4391 10338 2219 11051
1 2 4542 7753
1 14 4542 12511 15639 23 11035 15698 6119 9043 3099 15683 106 2996 15656 9131
1 2 4542 14143
1 3 4556 4584 4696
1 3 4556 12064 10400
1 2 4560 7566
1 10 4560 10460 10487 7651 12308 4502 4530 7535 7564 10445
1 5 4572 4642 916 11808 11771
1 6 4572 7663 9913 9928 11893 9766
1 7 4572 11744 7652 10433 7526 4649 7767
1 3 4608 4390 12293
1 6 4619 9959 13700 4203 10017 7222
1 6 4619 13443 13758 13730 13731 7097
1 5 4619 13445 13694 10462 13688
1 12 4626 4654 12317 7675 1488 7492 7353 7572 10411 12173 10221 10250
1 4 4626 12256 1417 12127
1 2 4637 7969
1 5 4640 11053 15298 9120 9408
1 3 4742 4668 7888
1 4 4742 10662 12573 10591
1 3 4803 1297 10652
1 3 4860 10593 7718
1 3 4963 7989 12725
1 17 4963 10745 13893 13898 13905 13910 13915 13919 13922 13925 13928 13935 13944 13950 13955 13973 14004
1 14 4963 12796 12826 12881 12806 10795 10851 12744 10877 2096 11145 10962 1939 5196
1 8 4975 3883 12791 8097 10809 12827 13214 10765
1 4 4982 12828 10906 12885
1 3 5005 5089 8117
1 3 5010 13381 7980
1 2 5079 5228
1 2 5079 7716
1 3 5079 9420 5228
1 4 5180 10932 2206 5196
1 12 5180 10988 13209 12986 5221 5199 7872 1580 13622 13620 7770 7605
1 2 5196 5210
1 2 5197 8165
1 2 5228 6424
1 2 6089 7753
1 3 6110 1764 11051
1 3 6110 14189 9146
1 7 6144 67 9073 11138 9056 9163 11043
1 6 6146 193 9104 11141 141 11043
1 4 6185 3053 11120 9098
1 5 6232 3203 9249 15317 9288
1 8 6232 11453 15319 9568 489 11829 12481 13302
1 5 6249 9323 46 15326 11241
1 8 6300 3150 11306 9075 6046 6104 131 11064
1 3 6424 1981 7716
1 2 6424 10860
1 9 6424 12270 7912 4354 14169 12996 5154 14224 14006
1 5 6505 6519 10472 570 11487
1 5 6545 6569 6364 9550 7132
1 4 6558 3100 3510 9570
1 6 6671 1530 15210 15109 11609 9628
1 5 6736 15047 9694 15030 11696
1 5 6785 6987 12782 2019 12811
1 8 6812 6836 872 897 3899 14620 14638 14687
1 5 6955 9689 6734 11673 9817
1 3 6996 3969 9839
1 4 6996 6818 889 9817
1 5 6996 11885 3926 6986 9869
1 4 7014 12052 10076 13370
1 3 7014 12076 13542
1 4 7014 13369 4042 7191
1 6 7019 7596 13676 13679 7434 7101
1 4 7019 8072 13667 11865
1 5 7019 12408 13671 13670 7301
1 5 7019 13673 13682 4519 7459
1 5 7097 12483 7502 7159 9982
1 4 7097 13143 4156 10057
1 4 7097 13732 13733 7101
1 7 7101 13557 13691 1612 13689 13687 13688
1 4 7101 13724 4896 13721
1 12 7107 13342 4206 4088 4161 11979 13427 1155 14073 14036 14020 14004
1 4 7137 1469 4656 7518
1 6 7137 7650 1597 7095 13729 10404
1 5 7186 7214 11959 12027 12068
1 5 7191 10101 4105 996 13704
1 3 7222 1146 11913
1 5 7222 7094 11916 1161 11973
1 2 7274 10652
1 17 7301 5007 1575 13656 4606 13648 1180 13790 4144 11933 9987 7160 1069 4037 10043 7025 11973
1 5 7301 12156 13654 13653 8049
1 4 7314 4986 10854 10724
1 9 7315 10157 4428 1408 1393 4385 12231 10228 10548
1 2 7323 7351
1 2 7323 10165
1 2 7323 10265
1 4 7375 7088 1754 13426
1 7 7376 7319 10177 10134 1244 7225 7408
1 3 7376 10289 7432
1 7 7381 4406 7421 4434 7642 10135 12293
1 4 7408 1427 12122 12220
1 2 7408 10250
1 5 7411 10799 5032 8100 8011
1 17 7411 12295 10210 12182 4353 1405 10311 7430 10872 12080 4106 10816 1949 5096 4045 13570 12137
1 4 7459 13660 13659 9958
1 4 7459 13685 10446 13688
1 5 7506 6383 4632 73 10244
1 4 7506 9050 3208 9146
1 9 7506 14230 12477 1354 359 1501 119 13583 14143
1 6 7552 4535 1643 12313 1500 10337
1 4 7574 9946 10428 10060
1 3 7605 4879 10957
1 4 7605 5203 1509 13619
1 7 7669 1431 12326 13567 5207 8247 8209
1 6 7716 10820 12298 7373 12200 10256
1 6 7725 4719 7743 2147 13220 7894
1 2 7753 14143
1 5 7767 1545 9623 12342 12443
1 4 7822 12528 12515 10652
1 7 7940 8018 1882 10817 7988 1918 10841
1 6 7940 10834 7997 12596 7971 8102
1 3 7969 10837 12818
1 2 7982 12863
1 2 8007 9084
1 2 8011 10808
1 17 8011 12734 10897 4414 10756 10259 5104 8087 1317 10296 12779 7310 12180 10278 7436 4420 10808
1 4 8026 7240 6999 13708
1 5 8026 13550 2030 13551 11865
1 4 8032 5066 10730 8089
1 2 8093 10385
1 2 8093 12818
1 3 8117 10881 12863
1 2 8117 12832
1 2 8185 11932
1 2 8209 10958
1 5 9084 8106 4979 8022 12763
1 11 9097 6123 11080 11032 11139 9068 117 13823 6207 79 11068
1 3 9146 7525 9370
1 3 9294 10900 13494
1 2 9315 13515
1 3 9370 7666 10244
1 3 9459 15080 15062
1 8 9474 12919 9530 13174 9442 13083 10846 11474
1 3 9475 3539 10790
1 8 9517 9534 6687 9264 14908 14907 14906 14905
1 8 9628 9647 15023 6733 15012 6718 731 11678
1 9 9739 15063 15013 9722 15021 3748 15026 748 11696
1 9 9739 15069 759 3774 6791 15074 15103 11706 9753
1 7 9739 15072 6794 15079 14975 9581 11400
1 5 9766 6811 3815 6863 12443
1 7 9817 724 6941 877 6907 918 11825
1 3 9869 3846 11851
1 5 9982 11918 4125 12407 10404
1 10 10000 4157 9971 1029 4082 7142 9953 4091 1089 13370
1 4 10001 11978 11924 10060
1 4 10024 1093 9903 11807
1 2 10068 12043
1 15 10153 10197 7311 10169 1289 4262 4307 1098 12358 4308 7598 10464 1589 4349 10263
1 4 10165 4423 7325 10298
1 5 10250 7367 4319 10193 12125
1 5 10256 4411 7429 10284 10312
1 2 10298 12213
1 13 10312 12257 12285 1229 7298 1680 10633 7317 10630 10235 7350 10218 10653
1 7 10404 13727 4480 13726 10335 13722 13721
1 5 10442 1494 1929 5138 13426
1 6 10445 10458 1611 7450 7520 12406
1 7 10548 1799 1872 13417 7869 13069 13091
1 7 10653 10584 12594 12613 1797 4806 12679
1 11 10724 13764 13765 10629 12609 13766 13768 7048 13770 7545 11752
1 8 10765 4908 8033 7935 10830 12897 2104 12811
1 4 10765 8012 2069 12833
1 2 10790 11555
1 2 10841 12141
1 2 10913 12863
1 4 10917 11318 6972 13518
1 2 10997 11011
1 7 11046 8215 4573 15431 9078 2994 15429
1 5 11051 9214 7592 3186 14143
1 2 11253 11374
1 5 11400 6541 10736 11447 15062
1 2 11474 15062
1 3 11678 15032 11696
1 4 11865 13548 13720 13721
1 6 11868 3523 3700 5078 3299 13866
1 4 11913 13703 11982 13370
1 2 11913 13704
1 7 11973 10040 4079 9937 13697 12426 13688
1 2 11984 13330
1 4 12125 1403 4336 12127
1 7 12125 7295 1315 1385 12292 1296 12220
1 12 12149 1356 4769 7807 10715 13585 7683 13586 10534 13588 13582 12503
1 4 12189 10521 7569 12443
1 19 12220 4388 1308 1281 12201 1394 1337 4371 7236 12131 1279 7329 10227 12255 10297 4412 7427 4424 12299
1 4 12301 8064 12728 12811
1 7 12736 8119 7964 12859 1892 13216 12833
1 4 12941 8164 10928 12991
1 16 13426 4978 11000 11352 2171 10930 10176 1960 4326 7794 7346 4874 10762 2007 8223 10818
1 2 13426 10818
1 6 13708 13545 4141 13712 13565 13721
1 4 13979 13974 13995 14004
1 11 14004 13999 13998 14035 14077 14060 14045 14052 14059 14072 14082
1 20 14124 14133 14172 14185 14187 14178 14192 14209 14215 14218 14216 14206 14229 14249 14278 14270 14288 14298 14302 14309
1 4 14136 14144 14150 14161
1 12 14243 14256 14272 14290 14300 14313 14322 14319 14306 14305 14316 14312
1 9 14309 14291 14284 14267 14274 14265 14280 14295 14312
1 7 14309 14307 14310 14304 14308 14311 14312
1 6 14459 14478 14500 14519 14554 14581
1 4 14598 14646 14699 14736
1 3 14694 14759 14803
1 4 14736 14745 14790 14789
1 3 14736 14809 14886
1 8 15429 11159 3084 15425 12306 3142 9184 15577
2 8 17 3381 243 5056 3375 334 6132 11288
2 4 17 6155 6152 6401
2 3 17 9083 6558
2 4 53 6176 3049 9296
2 6 121 3220 3116 15525 6247 6269
2 16 121 11166 9188 6143 15657 11107 9131 15649 9199 15619 3157 6075 11071 11178 26 3086
2 9 121 11205 15524 9345 15534 11236 6283 13395 13239
2 8 130 9408 6185 6010 6067 11185 11080 6174
2 8 130 11097 3053 3111 9098 11032 9088 202
2 2 130 11202
2 2 149 3151
2 4 149 11068 168 9197
2 2 149 13241
2 12 156 6381 6209 11291 9149 9317 9501 15340 10493 3182 11222 341
2 5 202 79 9066 9164 9197
2 2 202 3151
2 3 269 13212 11379
2 10 277 242 11391 3320 15442 12878 9274 11871 15368 3393
2 7 277 299 13178 6807 11226 11358 310
2 2 277 406
2 5 283 1914 9245 11227 11351
2 2 283 9313
2 4 283 12785 9273 9330
2 3 283 14972 9394
2 13 286 5172 11319 5201 3372 3196 3276 6302 8231 298 5171 9299 12840
2 2 286 13964
2 7 286 14222 6357 11394 9325 11277 6327
2 8 310 161 6459 15354 113 3219 6326 6249
2 2 310 3045
2 2 313 5118
2 2 313 10419
2 3 313 10946 11351
2 8 313 11381 3360 6409 9409 10945 1583 9258
2 6 315 4436 11298 11229 9342 9288
2 6 315 4604 371 15243 236 11336
2 4 315 15270 238 15280
2 4 318 6120 347 11301
2 4 318 11311 6359 9304
2 3 318 13206 3393
2 2 340 11351
2 2 341 3045
2 11 341 11163 9117 222 319 15351 15312 3310 6324 9171 11202
2 3 351 9285 6399
2 3 356 3291 9579
2 7 356 14967 3376 3250 6315 6965 6262
2 5 356 14970 3346 12865 9394
2 4 356 15256 384 11214
2 4 362 211 11215 11288
2 4 362 389 3324 3295
2 6 362 9263 11343 118 11372 10823
2 6 366 401 9302 5110 11282 13238
2 5 366 1529 2195 11250 6245
2 3 366 15223 1568
2 3 383 527 541
2 2 383 3395
2 7 383 11404 11414 3915 949 1206 13343
2 2 396 10419
2 3 406 7530 13298
2 7 406 11231 15364 9251 9329 6371 6249
2 6 413 658 14954 6341 2031 6398
2 4 413 6477 11396 9579
2 13 413 14953 3527 510 11412 6494 437 14950 3431 13134 6454 12920 487
2 6 434 975 11438 9465 6945 13296
2 5 434 9900 6597 11546 11683
2 8 434 11424 9451 15445 6480 981 13838 15462
2 5 476 13329 9887 13851 9435
2 3 476 13856 11866
2 2 476 15462
2 2 487 9475
2 7 487 12953 11451 3518 9502 7993 11555
2 6 487 12969 12979 579 11527 11485
2 4 502 6530 6813 6554
2 7 502 6938 486 784 453 3399 11405
2 3 502 6978 11897
2 2 502 11897
2 4 541 6930 6675 646
2 13 541 8028 6975 425 3493 1064 4051 6460 13870 11411 6483 13318 11479
2 4 541 11574 494 13499
2 14 610 6772 6745 11658 9713 6699 3678 9671 3677 6694 1432 7667 12425 4799
2 12 638 7118 10437 11975 1480 12381 1572 1584 7388 12752 1913 1843
2 6 646 3652 752 13145 13486 13343
2 4 646 11622 12000 13499
2 2 719 15052
2 5 721 1005 15451 574 11561
2 14 721 7143 11784 568 663 3722 661 6724 636 13827 3686 13826 705 3660
2 4 721 15449 11724 11683
2 7 740 13287 11854 885 903 6936 11825
2 6 741 9714 3757 11831 15494 9435
2 8 741 10498 15493 10374 11670 7451 13857 3738
2 4 741 15496 11869 13507
2 10 758 6955 11692 729 11843 13285 726 3920 4024 11825
2 7 762 6751 10049 6590 1118 14932 14879
2 6 762 11999 9679 1115 3768 13496
2 7 762 13868 3645 614 9960 6792 13499
2 5 853 7747 4796 1972 4975
2 15 900 11822 9843 11761 1134 10022 7109 7000 4093 12062 4058 4144 13657 1139 9958
2 8 933 6411 15251 2160 9384 9355 9411 11368
2 4 940 6474 3466 11897
2 2 940 6776
2 3 940 6894 6420
2 9 957 6989 9762 11765 664 6686 11643 10466 12189
2 3 965 11790 13347
2 8 1116 1525 12366 12395 13208 12423 9993 11929
2 7 1117 4153 7169 12056 3848 6994 9859
2 11 1152 6560 4073 6545 6531 4120 4018 6594 6218 6619 6336
2 4 1352 7892 4740 11802
2 9 1492 10386 7163 10033 7122 9991 12010 11968 11929
2 3 1568 6303 8169
2 2 1568 11349
2 9 1582 9779 7558 10468 10096 7138 11927 10047 7202
2 2 1582 10657
2 5 1582 12568 1445 4527 1595
2 4 1582 12637 6971 7588
2 7 1599 15206 9702 15142 12380 15138 12320
2 8 1599 15213 1530 9626 15211 654 15216 11599
2 14 1599 15219 12309 4605 15201 15154 11674 11645 15170 4477 15167 4614 1536 7495
2 15 1652 2157 5175 11011 12990 12976 2191 12948 5197 5183 8220 8186 5225 10925 12910
2 7 1743 12557 10708 12665 12533 4862 4801
2 8 1814 4804 12617 7783 1713 7887 1565 4543
2 6 1892 12461 1562 7517 11757 9814
2 15 1900 12867 2021 10889 12810 8089 1965 7913 4956 2083 13088 5015 10769 12369 6785
2 2 2012 2229
2 13 2012 8133 3486 8245 1210 566 11537 3404 410 1524 9337 12438 11523
2 3 2012 9420 2229
2 2 2012 12128
2 4 2068 241 539 13869
2 3 2068 925 6912
2 3 2068 1186 9676
2 4 2068 7203 11615 9989
2 3 2152 9343 11349
2 11 2152 11315 2999 187 12321 9111 11048 15585 9060 15578 3140
2 4 2152 15235 3215 6245
2 4 2197 5195 2203 2211
2 4 2229 9445 12751 11433
2 5 3010 1804 6726 11440 10611
2 3 3021 11028 9135
2 5 3022 9139 11206 9227 9135
2 13 3039 9234 9212 10973 8 10965 3321 11224 12943 9265 13860 15232 11349
2 17 3039 11109 3089 15297 11072 117 12964 15292 71 15289 6035 2136 6095 11174 15288 15573 3140
2 15 3039 11148 320 15306 13117 9254 15303 9141 6242 9353 11259 9386 15311 11049 6249
2 10 3045 7482 6127 10323 10728 9340 6222 15374 3525 3194
2 11 3083 9194 9129 11105 6144 9167 3137 3025 9038 6013 3122
2 6 3086 3092 9248 3168 312 3338
2 14 3086 6159 3078 6021 170 11045 176 9162 3121 6181 178 11031 11117 3134
2 9 3100 9470 444 6083 3473 9143 11478 6165 6558
2 9 3140 15577 57 15588 10964 15286 70 5152 9197
2 3 3151 13240 6174
2 2 3151 13241
2 6 3194 6342 11246 3354 7546 9483
2 8 3194 9209 15376 6164 9262 15369 6314 3288
2 2 3226 3335
2 5 3226 3964 6305 15248 11336
2 5 3226 9301 3345 10943 9318
2 6 3254 400 11739 13124 12387 11301
2 4 3254 9823 3921 3384
2 3 3254 13392 6281
2 10 3288 3870 348 8024 2052 6332 12772 395 10855 3384
2 5 3288 11753 3862 9731 9483
2 7 3327 3263 382 2109 3308 8181 6262
2 7 3384 281 11257 10056 6360 6345 9483
2 3 3384 9327 11386
2 2 3389 5118
2 2 3389 8183
2 2 3389 11351
2 2 3393 6281
2 8 3395 3522 6446 769 391 332 5046 6592
2 4 3395 3716 3410 11334
2 5 3412 3128 572 15471 6557
2 8 3412 15470 13223 15387 69 3242 3392 6683
2 9 3412 15474 6895 474 6435 6310 3470 9493 13837
2 3 3422 6489 9458
2 5 3452 3403 12013 3755 11683
2 2 3452 11881
2 6 3452 13852 7590 9573 15450 11561
2 5 3456 4003 1147 4064 9975
2 4 3483 295 15478 6557
2 4 3483 3386 13847 11479
2 7 3483 11427 438 6028 11114 6429 11866
2 16 3516 3627 1958 3397 4200 14903 14902 14852 14845 14770 14730 14687 14707 14672 14661 14621
2 16 3516 6709 10045 641 9563 9631 11595 12849 9522 9772 6723 13355 9609 9849 10027 9320
2 5 3516 9922 12049 6672 13501
2 4 3520 522 6565 9566
2 5 3520 3455 9860 3557 11504
2 10 3520 13842 3935 580 13848 3580 457 10418 3554 15259
2 8 3520 15281 501 6481 15331 13841 11853 6554
2 22 3529 11474 9459 6527 10952 520 6516 15096 9455 15101 11429 15095 6620 15102 9592 9753 757 15088 6758 3726 15085 6748
2 5 3529 13234 6575 12930 10938
2 3 3529 13235 8175
2 7 3544 13256 524 402 6311 3307 11301
2 3 3568 3903 9288
2 5 3568 6950 489 1641 13300
2 5 3568 9932 15276 3480 6808
2 5 3578 483 3477 2162 11421
2 13 3578 6450 5192 3426 10994 9460 10392 6492 5200 3465 3304 471 10419
2 8 3578 7636 10926 6539 8251 13195 518 11555
2 2 3578 11421
2 3 3653 772 11599
2 4 3741 3462 6915 11251
2 18 3754 542 1009 10074 13492 13877 13303 7939 11887 11868 6693 9403 3780 3914 13312 611 587 11251
2 13 3754 1037 3533 11899 9347 7987 9539 6982 12764 485 684 6923 13311
2 8 3754 3448 3674 13502 9769 3484 11534 13509
2 4 3754 3583 12025 9904
2 5 3778 6625 598 9754 11722
2 4 3823 10343 7646 7588
2 7 3933 3737 14678 14729 14769 14821 14889
2 5 3962 7532 10444 12352 12421
2 4 3973 3988 3971 13521
2 2 3982 13591
2 5 4154 5012 6298 6488 6600
2 13 4205 1200 7105 10000 7089 4071 12045 1069 7189 11980 11996 9969 10068
2 10 4246 1802 12654 1739 4731 10678 1845 13782 12660 7785
2 11 4246 4701 12638 9659 3664 7868 1742 1755 1820 1322 12446
2 4 4246 12261 4805 12189
2 19 4572 4503 4633 13450 1627 1558 12469 10429 1508 10426 7633 972 6937 10331 9768 952 1489 13774 11752
2 14 4691 12577 10595 10569 7771 7840 4749 4723 10640 12561 7688 7888 12535 10672
2 3 4860 1736 10672
2 6 4892 58 6347 190 11112 6375
2 3 4975 12552 12627
2 6 4975 12684 2102 12624 7762 11802
2 2 5118 10419
2 2 5118 11351
2 9 6023 125 6093 4640 104 11186 9182 9097 6174
2 5 6245 5165 344 3259 13238
2 4 6262 6333 11294 12747
2 7 6281 9279 2075 6296 9404 9357 9438
2 9 6282 637 399 9428 8622 9875 10893 13880 9894
2 6 6282 3173 9334 9361 9093 10823
2 4 6282 6390 6309 9277
2 2 6300 9383
2 5 6387 5143 8255 6243 11336
2 7 6398 6369 14971 9339 232 9367 8183
2 2 6398 9394
2 4 6401 11515 9439 9095
2 5 6401 13498 548 11190 11492
2 3 6420 11860 9811
2 3 6420 13840 6445
2 3 6445 7454 9446
2 3 6445 9430 9417
2 6 6554 876 9531 9868 9912 13390
2 8 6557 15458 6509 3457 6195 3570 890 13837
2 4 6558 388 9252 9277
2 6 6568 4022 4150 4992 4116 13320
2 4 6568 6529 9537 13501
2 11 6568 14881 14824 14752 14731 14698 14721 14765 14826 14855 14918
2 12 6592 543 12099 9794 6780 13293 11939 13011 11547 8103 3676 13343
2 10 6592 6496 6206 9412 3179 11208 11413 6313 6499 11334
2 4 6596 3767 13122 9811
2 4 6596 9755 13850 11405
2 9 6596 9763 7026 767 1122 4127 3573 11715 11561
2 8 6683 11327 3329 3256 6306 3309 15388 9304
2 4 6683 15401 11247 11301
2 4 6688 9909 15489 11787
2 7 6733 6702 15034 15185 712 728 6748
2 14 6748 15179 700 6701 15197 3668 4463 15178 7624 15199 15163 4458 15164 7495
2 8 6882 3863 3693 891 3897 11660 1436 9721
2 3 6912 9867 13244
2 5 6912 11276 589 678 11536
2 8 6984 822 11785 6885 11817 9836 9664 11654
2 4 7066 6759 12866 7100
2 14 7125 9981 7070 10083 6928 3981 3904 3803 3860 3929 944 9897 973 9766
2 4 7315 7386 10271 12211
2 21 7444 5154 9349 13217 14176 3289 13981 14088 7431 14134 273 13384 291 14006 1278 14199 12117 10142 10329 1233 9292
2 4 7444 7972 11002 12172
2 13 7444 12996 1937 10777 14223 13990 7343 4938 227 6404 2213 8182 9365
2 2 7495 7661
2 6 7524 4464 7668 7480 10520 10352
2 12 7566 12367 7538 2166 12957 1514 7481 4462 10518 10316 4415 7669
2 8 7588 10441 971 9760 6855 659 3685 11656
2 7 7921 10853 8003 12850 10830 12745 8097
2 2 8015 9243
2 4 8015 10525 3551 8233
2 2 8015 11377
2 2 8015 12840
2 12 8169 3279 9399 15241 1449 15236 6400 11272 15239 3313 11353 11241
2 5 8169 11384 2106 6666 11254
2 5 8175 3555 10960 6602 10956
2 2 8175 10956
2 2 8183 11323
2 6 8227 6502 8226 2164 6430 11421
2 6 8227 8210 6339 12479 9432 11523
2 5 8227 9473 12977 5168 11421
2 2 8227 10360
2 3 8233 6601 11523
2 4 8233 11460 8196 10360
2 4 9095 9175 11152 9508
2 5 9095 9178 3283 3138 9570
2 14 9095 11558 109 9511 9457 13242 1058 3670 3407 3546 692 11603 9525 11251
2 4 9135 6114 3093 11100
2 5 9221 592 3148 77 11202
2 7 9258 2181 2150 11269 3317 13219 13964
2 7 9258 5174 9286 11309 11262 14188 13964
2 4 9277 9306 11201 11288
2 16 9288 4624 15320 6319 3890 3350 13095 6397 856 386 360 12476 12376 11390 15400 9304
2 6 9304 11289 9236 11216 6935 11370
2 4 9313 9376 10921 11258
2 2 9313 11248
2 2 9313 11258
2 10 9330 3356 3302 11363 9266 7133 3387 12759 314 11379
2 2 9330 11248
2 7 9348 1598 4575 9282 11268 3257 11379
2 5 9365 4918 8116 3854 11377
2 5 9365 5117 11348 12742 13378
2 4 9417 8192 15008 9446
2 11 9417 13597 15007 11559 9744 765 3752 13846 3734 9696 15052
2 8 9435 15456 9576 1205 11774 11832 15490 13374
2 3 9446 6493 13590
2 2 9446 10403
2 8 9450 12368 6737 10393 4590 7449 10391 10717
2 4 9475 10987 8148 11485
2 2 9475 11555
2 2 9504 10938
2 11 9535 1164 3258 914 13246 1897 673 13116 8038 956 13509
2 3 9571 11792 9811
2 2 9579 15259
2 6 9604 11575 9749 1397 7266 12189
2 12 9676 3367 14930 14896 14817 14775 14742 14727 14715 14656 14631 14633
2 11 9676 6731 14936 14921 14905 14838 14800 14789 14744 14683 14633
2 3 9676 10838 13244
2 6 9721 9708 3747 3733 734 11654
2 2 9721 11722
2 7 9839 9770 13279 6867 3874 9846 11825
2 6 9850 908 718 9675 11665 11722
2 3 9894 10028 13876
2 7 9894 12004 9736 711 629 9557 13519
2 11 9975 1103 4149 1908 2054 4915 2086 13464 10794 5086 12137
2 3 9975 13471 13467
2 5 9989 9851 9738 6886 13869
2 10 9989 11965 9264 14886 14871 14909 14938 9517 10127 13873
2 3 9989 13068 14906
2 17 10001 7372 7428 12114 4472 8087 10324 1359 12142 12182 10270 1349 7013 4187 7150 11952 13467
2 6 10355 4510 7464 10615 1987 12501
2 2 10360 11523
2 10 10400 13607 13628 13624 13619 12419 13618 13602 13601 12589
2 7 10403 9461 3141 13589 6505 3479 13390
2 5 10403 13391 15006 2169 11476
2 4 10657 8083 10281 12501
2 10 10657 10909 5090 12384 9996 4594 12735 10192 10824 12501
2 10 10672 12651 1851 7760 10587 1747 3750 12620 4880 10719
2 3 10823 10767 11288
2 11 10938 12845 13389 3505 2199 8161 9516 14993 6544 500 11476
2 3 10956 3582 13086
2 15 11046 3133 11001 3187 6150 8216 3050 8253 7550 12379 9206 13820 3060 13243 13241
2 9 11220 9289 11271 9247 12468 11230 10447 15245 11336
2 5 11234 3162 6293 15308 11241
2 6 11241 9415 11747 3907 13595 11322
2 2 11248 11379
2 2 11248 12747
2 5 11251 13339 9434 10046 11536
2 2 11256 13378
2 4 11279 364 9250 11297
2 6 11334 6522 9494 9468 3893 11479
2 3 11377 11225 12840
2 2 11377 12840
2 2 11379 12747
2 3 11405 9861 11437
2 5 11437 6908 3965 6423 11561
2 14 11437 13593 3876 11452 15330 3508 3889 418 6920 6578 11810 11746 511 11504
2 16 11476 3519 15004 547 523 12946 570 11009 9424 473 6432 11439 11500 534 15269 15259
2 3 11485 6506 13086
2 2 11485 13086
2 7 11489 9437 9915 11826 6605 9413 11504
2 8 11504 13836 6507 6495 6478 3468 13854 11881
2 5 11536 3592 12087 9690 13343
2 8 11536 9431 7127 13322 583 3654 11445 13244
2 11 11599 15217 11617 15202 15114 11647 9663 3698 15118 717 15052
2 5 11654 6707 9662 6705 11800
2 5 11787 7149 9597 15487 13521
2 3 11787 10005 13507
2 2 11787 13507
2 6 11802 10798 10702 3972 12848 12301
2 13 11807 11812 3953 11863 6914 9767 13228 3938 13229 3794 3820 9827 11825
2 7 11866 15453 6913 6960 11456 11267 13374
2 5 11881 488 11454 3494 13296
2 2 11897 13591
2 26 11929 4162 7124 12050 4245 4204 7593 4544 4516 4571 1569 2005 10332 12480 1510 10401 7574 12420 4557 4883 4950 2105 12080 8076 7165 13467
2 8 11954 11486 11570 11672 10037 11889 3958 13245
2 4 12816 833 6635 13496
2 5 12816 11493 11598 8128 13521
2 6 12816 14912 14874 14803 14873 14879
2 3 12840 6275 13378
2 6 13230 11639 6862 11875 9980 13260
2 2 13238 13394
2 8 13244 3649 3558 1106 13490 3076 6609 13864
2 8 13244 7003 3865 6540 14884 1079 3704 13864
2 7 13296 504 15464 11490 6864 9481 15462
2 8 13296 525 13302 11796 15463 441 6593 13837
2 6 13320 9471 11287 9976 11969 13360
2 6 13320 9509 9388 9456 11754 13360
2 4 13323 6585 2049 13496
2 5 13343 11584 10917 11554 13869
2 4 13351 13299 7215 13509
2 12 13360 11402 9862 7206 3629 3534 6775 6670 7132 11619 1141 13864
2 5 13374 9856 11786 9482 13574
2 5 13374 13074 11813 7985 13521
2 2 13390 13591
2 7 13499 9606 11535 7209 13373 3621 13873
2 6 13501 1126 14917 14866 14796 14740
2 6 13521 11957 14900 14888 14899 14862
2 6 13873 9578 14910 14897 14840 14879
2 4 14263 14268 14266 14269
2 2 14352 14364
2 10 14361 14345 14336 14326 14315 14330 14332 14351 14368 14366
2 2 14361 14364
2 2 14361 14366
2 2 14364 14367
2 3 14364 14369 14372
2 7 14365 14373 14385 14406 14419 14432 14440
2 6 14372 14374 14371 14381 14392 14403
2 4 14372 14379 14384 14390
2 5 14390 14398 14397 14404 14403
2 3 14390 14417 14439
2 6 14403 14409 14408 14425 14453 14480
2 6 14403 14414 14434 14438 14451 14439
2 9 14439 14449 14459 14454 14475 14470 14466 14502 14535
2 5 14480 14481 14516 14538 14566
2 11 14480 14484 14493 14490 14494 14517 14539 14540 14549 14581 14601
2 6 14527 14537 14515 14528 14557 14558
2 6 14535 14534 14546 14568 14588 14601
2 3 14535 14569 14582
2 4 14566 14571 14587 14633
2 5 14566 14591 14595 14598 14605
2 3 14576 14583 14582
2 4 14582 14619 14627 14643
2 5 14601 14611 14635 14692 14676
2 3 14601 14636 14693
2 10 14643 14671 14703 14702 14677 14686 14701 14694 14700 14693
2 8 14643 14704 14768 14794 14834 14833 14820 14793
2 7 14693 14724 14718 14747 14810 14791 14778
2 4 14693 14767 14819 14879
3 3 201 3675 11846
3 9 260 12800 11339 8194 3123 6368 8109 8084 3365
3 4 271 11253 11221 9239
3 5 309 557 3547 7148 11435
3 5 309 3730 12071 9665 13349
3 3 309 9655 13249
3 8 310 979 13139 9246 11188 9438 3070 530
3 6 362 13218 4942 3351 9346 6375
3 2 405 14889
3 4 407 377 6378 3369
3 4 418 13841 9556 9449
3 8 421 586 3447 1105 7147 11709 11544 13397
3 3 421 797 6917
3 3 421 11655 13477
3 26 525 13300 11557 582 3950 11489 6808 3979 6508 15280 9566 3225 15250 288 3306 933 3335 6252 11284 6365 246 382 4587 6348 7594 9348
3 4 530 6376 15357 9483
3 22 530 13099 265 15383 9340 9240 35 15343 10493 11302 6050 9485 11147 9221 1633 9151 9173 6023 11127 15336 15348 3152
3 40 530 15359 9109 1988 6296 11380 4611 3320 6340 11280 15362 329 3229 11370 13298 864 11811 11322 3331 11220 15323 11116 15324 15240 11290 13858 306 3362 6387 9382 13000 9318 11254 335 274 3327 1542 3391 13394 13236
3 6 540 3463 3422 6351 11471 9239
3 3 630 6814 13233
3 10 630 7632 11611 3444 11625 11582 11521 13125 9586 13872
3 2 630 13388
3 2 782 9943
3 6 782 10117 6788 11305 9593 13527
3 5 782 12094 9809 11586 9555
3 3 788 11738 3823
3 5 841 3589 4076 6584 1152
3 9 841 3657 9414 564 13312 6613 3206 3684 11723
3 7 841 11401 11600 11887 760 653 13475
3 4 853 1793 11814 4799
3 12 883 555 974 9957 3690 969 851 13116 965 3639 3709 13477
3 2 883 6706
3 3 883 9599 11691
3 2 883 13491
3 3 883 13865 6706
3 3 992 619 13871
3 2 992 9584
3 7 992 11533 9837 12866 11494 10780 13247
3 6 1092 11946 7212 12031 1136 11960
3 4 1117 12007 10128 10032
3 7 1150 6851 3783 964 892 987 11771
3 15 1152 3646 3342 3536 13322 3923 1080 3326 13339 13862 11877 13293 692 10107 13338
3 4 1152 6521 4933 13490
3 5 1365 12762 6008 11111 12600
3 29 1408 4413 7853 4343 4877 4765 3706 7718 10552 3769 10611 12663 1788 3721 12688 4872 1873 4875 1769 7899 4775 10718 1782 4784 11902 10249 12205 12276 3635
3 4 1595 7551 4437 6713
3 16 1595 9796 831 11776 11760 6855 3853 9825 6890 4442 11800 11789 9789 6823 6929 3957
3 6 1595 12437 1604 7626 12305 4569
3 4 1690 10327 12214 7315
3 18 1690 12124 12676 1854 11712 4860 12572 4857 7880 1767 6722 12566 1836 4772 10685 10719 6752 1866
3 5 1690 12673 4778 9616 12607
3 4 1814 12632 8204 2197
3 6 1826 7751 10658 7835 10528 4837
3 3 1826 10574 7725
3 5 1826 10643 10565 10681 7785
3 9 1866 1719 3699 4029 7829 926 9657 12357 12312
3 4 1866 4807 4691 12418
3 18 1929 4314 12971 7375 13418 8036 13196 10314 11682 13040 4372 9137 5120 13094 5202 13579 12587 10442
3 47 1929 7161 10812 1754 5160 5215 10336 2210 10857 237 4758 12567 1821 307 12102 1387 4824 7846 9512 10670 10600 12652 1709 10696 12679 1733 1860 7825 7274 4866 7757 12631 10580 12563 10639 4724 7744 4853 10570 7841 4750 10664 4815 7838 4797 1762 4837
3 3 1929 8219 11228
3 10 1965 12755 4887 13089 5052 10172 12804 7921 4946 8057
3 2 2034 3365
3 2 2034 9336
3 10 2034 12504 3251 10845 370 11725 305 1379 3300 7275
3 9 3021 11078 6115 14 9174 6151 6072 9196 9296
3 6 3152 114 11209 156 3074 3174
3 2 3152 11426
3 9 3234 679 716 11594 7100 11711 963 7081 13879
3 3 3234 1145 13867
3 5 3234 9635 9902 9569 13397
3 4 3234 12100 11576 13259
3 3 3365 1953 9336
3 3 3369 6221 13266
3 3 3369 7239 9297
3 8 3458 4861 9226 11430 11208 9427 13205 6464
3 5 3458 6511 13119 13254 3544
3 4 3458 11303 9521 11399
3 5 3479 11839 13590 3982 6474
3 6 3516 11605 9884 9888 11856 11804
3 10 3544 182 171 3521 9544 11466 3392 3063 6484 11399
3 7 3544 3396 6567 9290 11073 9211 6375
3 2 3544 13255
3 5 3572 61 6595 552 9570
3 9 3572 482 3537 3749 771 668 11679 6668 6770
3 5 3572 911 6720 10073 13313
3 7 3635 3608 605 11569 9583 3775 3763
3 8 3635 3778 4270 4345 13577 9601 7291 12149
3 5 3688 1204 3751 3626 13248
3 5 3688 3476 6487 3922 13866
3 4 3688 3495 943 13475
3 3 3689 3901 11951
3 5 3689 6875 11646 6682 6942
3 6 3689 6990 11568 9636 657 13351
3 2 3689 7091
3 3 3763 749 11654
3 11 3763 774 722 9711 9724 6710 11656 691 695 11641 6713
3 3 3823 873 3957
3 13 3823 11841 10412 9931 12445 10081 7138 4491 7527 3994 10394 638 12384
3 3 3830 900 12043
3 8 3830 3814 6898 934 3934 9788 6951 11771
3 2 3830 3900
3 3 3936 10026 13260
3 2 3957 6984
3 2 3960 7981
3 6 3960 9829 5001 7485 12458 12489
3 4 3960 10861 10504 10337
3 18 4056 7121 4103 9936 10036 7125 12040 11915 10065 4052 9790 11896 9795 9848 945 6804 9885 11771
3 4 4102 1183 12006 11925
3 5 4516 10751 12786 5055 12137
3 12 4569 1621 1441 1564 9802 4811 4740 7904 1806 2043 12778 12489
3 5 4569 7831 10586 12670 12501
3 5 4569 12346 7586 10477 12489
3 15 4799 850 1740 7818 7999 9792 12627 1809 12570 4871 10532 1753 1352 7834 10717
3 11 4799 4657 10387 10483 9814 11859 6881 986 3840 9637 9671
3 5 4799 7879 10591 7756 12607
3 4 4801 10554 7717 4837
3 7 4975 8070 12720 9773 12301 1915 7981
3 9 5056 3295 4892 10912 11 3230 6259 11492 13255
3 8 6103 11333 13070 3501 11446 9458 507 13251
3 2 6103 13251
3 3 6103 13252 9239
3 3 6103 13253 11374
3 5 6262 6396 6290 1585 9348
3 5 6282 3044 976 656 13508
3 2 6295 13599
3 15 6315 6919 261 11242 11368 11214 789 11310 11244 15261 3580 558 3492 13843 9449
3 5 6332 1944 6956 11245 6375
3 4 6375 9398 961 11386
3 2 6380 13236
3 3 6380 13238 13239
3 2 6380 13239
3 2 6388 7275
3 7 6464 6208 6934 13242 1151 12044 13295
3 2 6464 11467
3 7 6600 13360 10013 6695 9658 14935 14883
3 3 6700 7059 13396
3 6 6706 3526 3728 13246 577 13540
3 5 6706 9535 3512 1127 13345
3 5 6708 11233 13509 9930 13126
3 7 6708 11506 13502 11921 10484 12760 13863
3 5 6708 11837 9681 11699 6982
3 5 6708 12771 13347 9964 6982
3 3 6713 9450 12312
3 4 6735 7180 11608 13316
3 5 6770 662 11470 10771 13481
3 3 6770 9490 13338
3 2 6784 9555
3 6 6917 6691 7063 11967 6673 13316
3 8 6917 9784 13311 11331 11732 9621 12889 13501
3 4 6917 11642 3604 6982
3 5 6942 7211 3655 3368 13248
3 4 6942 11631 11867 13863
3 2 7046 7197
3 2 7072 11960
3 4 7091 902 11556 13519
3 3 7091 11905 9706
3 6 7110 1025 4027 10092 8254 11925
3 3 7110 4164 11925
3 2 7110 9950
3 11 7169 1024 4118 1113 993 1182 1097 12072 10015 7217 10032
3 3 7275 10280 12116
3 7 7552 7524 10449 1559 10355 7543 12489
3 2 7622 11670
3 4 7981 5022 1927 12782
3 6 8058 390 2040 10694 5101 12600
3 6 8058 4995 1380 8189 3127 12600
3 2 8058 11228
3 6 8622 9734 12033 11630 682 13525
3 9 9206 13819 6186 3061 3161 13817 13818 13816 11105
3 2 9239 13266
3 2 9297 11279
3 22 9297 11345 13515 6318 6384 6335 6399 11332 11218 9350 9237 6395 3273 9383 9392 11378 11299 351 11270 9397 6268 9379
3 7 9309 773 13250 8061 11572 6729 11954
3 7 9309 9874 9748 9612 11573 12079 11954
3 6 9309 13504 11604 11366 6891 9498
3 20 9336 6338 4941 3315 14102 9259 13605 14148 3282 14200 6403 14222 13614 3382 3383 9325 6327 14197 14158 11375
3 2 9348 13236
3 4 9379 9315 6237 11279
3 4 9379 13516 9269 11297
3 3 9389 14253 11375
3 4 9449 6517 15267 11439
3 8 9555 13230 11901 6743 9500 9728 9598 13874
3 7 9570 3545 6582 3340 3636 9670 13295
3 5 9570 8080 6462 9511 11467
3 4 9584 7082 1194 13867
3 3 9584 9551 13871
3 3 9584 10785 13345
3 4 9620 936 13495 13508
3 4 9620 6679 9745 13294
3 3 9620 11618 13541
3 3 9620 13526 13525
3 5 9706 3211 1635 11360 13541
3 3 9706 6998 13248
3 2 9752 12857
3 4 9943 11596 6716 13350
3 2 9943 13375
3 5 9998 7157 7087 4069 10125
3 4 10032 7102 4172 10125
3 4 10125 4142 13263 11960
3 2 10442 11228
3 6 10442 12203 10145 13400 1288 12116
3 3 11279 9268 13266
3 6 11375 14228 14140 270 9407 13599
3 7 11399 7377 6580 13096 536 3879 11479
3 26 11411 3905 3743 11550 595 11563 6970 12039 10070 953 13323 9704 13574 575 12816 14862 14861 14832 14793 14737 14677 14637 14597 14564 14563 14546
3 3 11415 9791 13375
3 3 11435 11652 13388
3 2 11435 13247
3 8 11467 506 584 11428 9508 13505 9400 13255
3 6 11691 3707 3773 713 3724 13126
3 4 11691 9363 11606 11951
3 2 11691 13527
3 6 11723 10758 3884 3741 9977 13338
3 3 11723 11463 13481
3 4 11723 11529 3609 13866
3 4 11751 316 9575 13541
3 4 11751 3961 12002 13880
3 5 11751 11634 674 9890 13525
3 5 11751 11638 9736 6698 12098
3 3 11804 3844 13316
3 9 11804 9646 11388 9940 11417 9631 9685 336 13478
3 8 11804 10023 11468 13301 10868 9613 9603 13249
3 3 11846 688 12857
3 3 11846 730 13387
3 2 11846 13480
3 5 11951 3623 9510 6843 13519
3 4 11951 7065 7117 13874
3 9 11954 7139 11593 11610 9614 13346 11653 13876 12098
3 20 12038 4065 10109 10024 4098 9889 6959 6906 9896 6817 3873 6966 6812 9764 854 9824 14589 14621 14673 14709
3 7 12098 11419 13245 11587 10749 12888 13260
3 7 12116 6217 13576 6278 6610 12244 7360
3 2 12116 7360
3 5 12312 11589 10478 7306 12418
3 12 12406 4864 7859 13411 1861 10581 10553 7798 4776 12932 12924 12910
3 17 12418 1770 9892 12586 7852 10606 4830 11772 12642 1827 3869 10535 12633 7888 10582 9695 12607
3 12 12459 7462 3732 3712 6732 3906 11830 9832 6909 9850 9847 13270
3 4 12857 10113 11219 13315
3 2 13126 13351
3 3 13179 10123 13534
3 3 13179 11264 13485
3 4 13179 11721 9725 13872
3 2 13236 13237
3 19 13237 301 9378 9278 15544 9356 15550 11338 6269 15552 9267 15558 3347 11252 15543 11134 14238 6410 13599
3 2 13237 13239
3 2 13247 13344
3 5 13249 9472 9717 9879 13315
3 3 13259 3740 13540
3 3 13259 11499 13477
3 5 13260 9507 469 9643 13874
3 4 13260 11516 6678 13519
3 4 13294 9660 8077 13541
3 8 13294 11581 1130 4117 1962 11726 9624 13517
3 10 13294 11773 7216 13314 13476 3565 3596 3488 9574 13517
3 3 13295 11702 13338
3 3 13297 3966 13324
3 3 13297 9418 13485
3 5 13297 13328 6842 10754 13375
3 13 13303 3679 6594 6599 6421 6286 4154 11857 6775 3946 14928 14894 14883
3 8 13315 445 9898 13572 13073 9582 10869 13355
3 4 13316 11651 1043 13397
3 8 13320 14918 14877 14867 14878 14847 14836 14797
3 4 13324 669 9625 13871
3 3 13324 6793 13350
3 4 13324 12091 8111 13375
3 4 13345 696 9587 13350
3 4 13345 3574 1346 13867
3 6 13349 3776 13494 9929 11659 13376
3 5 13349 9602 12020 10884 13388
3 6 13350 11519 6985 11359 11689 13491
3 4 13351 778 3882 13863
3 8 13388 10038 11657 13321 9560 7066 12058 13534
3 5 13475 551 863 7008 13863
3 6 13475 11663 9904 11628 11592 13492
3 10 13478 770 414 14901 14845 14805 14781 14750 14726 14709
3 8 13478 11627 6714 10120 11520 9320 14914 14889
3 7 13478 11697 11481 7077 9522 573 13489
3 2 13481 13517
3 3 13485 9591 13871
3 27 13486 13510 11964 13518 9945 11834 9238 11562 6687 14937 14909 14839 14830 14778 14723 14676 14648 14605 14572 14562 14532 14517 14504 14485 14486 14465 14439
3 3 13491 13875 13527
3 2 13508 13525
3 5 13517 13265 13292 9750 13866
3 6 13519 10082 923 526 10163 13541
3 4 13527 6939 7154 13874
3 3 13534 7030 13872
3 3 13540 3576 13867
3 11 14349 14342 14358 14362 14350 14335 14331 14334 14333 14341 14363
3 5 14393 14400 14410 14428 14455
3 4 14442 14440 14452 14472
3 6 14456 14468 14471 14463 14457 14472
3 11 14472 14479 14483 14499 14508 14530 14558 14586 14622 14668 14713
3 8 14527 14536 14526 14556 14593 14639 14674 14722
3 3 14615 14666 14722
3 7 14687 14679 14738 14763 14812 14842 14889
3 11 14698 14665 14653 14652 14681 14710 14740 14771 14751 14719 14709
3 5 14713 14667 14690 14712 14722
3 6 14713 14733 14788 14798 14837 14883
3 4 14722 14711 14732 14797
3 4 14797 14848 14893 14883
4 4 369 9441 10091 13354
4 9 3473 9147 3355 744 13508 13313 6926 982 13476
4 8 6984 3824 6845 11782 6882 13270 13268 13269
4 3 9998 1182 13023
4 21 13257 13572 11686 8046 13489 6761 9633 13493 11612 565 7173 13301 7188 11580 13348 13344 13879 6735 7958 11716 13397
4 6 14456 14476 14489 14492 14511 14527
