1 664
1 853
1 957
1 1010
1 1036
1 1047
1 1056
1 1069
1 1092
1 1101
1 1116
1 1117
1 1162
1 1182
1 1200
1 1228
1 1274
1 1296
1 1319
1 1330
1 1349
1 1408
1 1413
1 1459
1 1468
1 1488
1 1489
1 1492
1 1498
1 1582
1 1591
1 1595
1 1612
1 1627
1 1630
1 1652
1 1667
1 1690
1 1742
1 1743
1 1770
1 1782
1 1814
1 1826
1 1827
1 1836
1 1847
1 1866
1 1900
1 1939
1 1965
1 1984
1 2006
1 2013
1 2026
1 2086
1 2089
1 2096
1 2097
1 2114
1 2116
1 2166
1 2197
1 2211
1 3010
1 3456
1 3706
1 3775
1 3778
1 3823
1 3860
1 3897
1 3957
1 3960
1 3992
1 4052
1 4059
1 4075
1 4093
1 4111
1 4144
1 4174
1 4196
1 4241
1 4245
1 4246
1 4260
1 4329
1 4345
1 4347
1 4349
1 4363
1 4401
1 4425
1 4427
1 4478
1 4487
1 4501
1 4516
1 4543
1 4569
1 4572
1 4608
1 4619
1 4652
1 4696
1 4724
1 4740
1 4797
1 4799
1 4803
1 4824
1 4860
1 4872
1 4883
1 4925
1 4963
1 4975
1 4982
1 5005
1 5010
1 5096
1 5180
1 5199
1 6710
1 6732
1 6845
1 6855
1 6882
1 6890
1 6984
1 6994
1 6999
1 7014
1 7019
1 7071
1 7087
1 7097
1 7101
1 7109
1 7110
1 7125
1 7137
1 7138
1 7142
1 7151
1 7169
1 7186
1 7191
1 7197
1 7212
1 7222
1 7236
1 7274
1 7301
1 7314
1 7315
1 7329
1 7368
1 7376
1 7381
1 7388
1 7408
1 7450
1 7459
1 7518
1 7552
1 7564
1 7565
1 7566
1 7574
1 7588
1 7605
1 7610
1 7669
1 7725
1 7743
1 7760
1 7767
1 7798
1 7818
1 7822
1 7840
1 7841
1 7859
1 7888
1 7894
1 7921
1 7940
1 7965
1 7980
1 8007
1 8011
1 8026
1 8049
1 8066
1 8087
1 8089
1 8102
1 8117
1 8124
1 8165
1 8185
1 9450
1 9671
1 9713
1 9766
1 9795
1 9814
1 9843
1 9850
1 9937
1 9950
1 9958
1 9974
1 9975
1 9982
1 10000
1 10001
1 10032
1 10057
1 10068
1 10076
1 10125
1 10193
1 10265
1 10278
1 10297
1 10337
1 10400
1 10404
1 10433
1 10496
1 10611
1 10629
1 10678
1 10696
1 10708
1 10717
1 10724
1 10769
1 10772
1 10830
1 10833
1 10837
1 10841
1 10913
1 10957
1 10958
1 10997
1 11654
1 11722
1 11752
1 11771
1 11800
1 11817
1 11865
1 11913
1 11925
1 11929
1 11960
1 11973
1 11984
1 12019
1 12043
1 12076
1 12080
1 12113
1 12137
1 12149
1 12189
1 12237
1 12268
1 12299
1 12301
1 12358
1 12373
1 12384
1 12406
1 12421
1 12432
1 12433
1 12443
1 12446
1 12459
1 12480
1 12489
1 12501
1 12586
1 12589
1 12607
1 12627
1 12725
1 12732
1 12735
1 12763
1 12766
1 12782
1 12806
1 12828
1 12885
1 12986
1 12991
1 13023
1 13089
1 13269
1 13342
1 13367
1 13447
1 13464
1 13567
1 13619
1 13622
1 13648
1 13688
1 13717
1 13721
1 13999
1 14004
1 14052
1 14073
1 14077
1 14082
1 14119
1 14124
1 14128
1 14161
1 14185
1 14209
1 14216
1 14243
1 14268
1 14278
1 14280
1 2
1 53
1 75
1 90
1 104
1 117
1 132
1 136
1 141
1 158
1 175
1 176
1 190
1 207
1 268
1 295
1 296
1 310
1 311
1 322
1 324
1 348
1 351
1 362
1 372
1 377
1 378
1 382
1 405
1 407
1 415
1 442
1 476
1 478
1 483
1 493
1 521
1 540
1 549
1 557
1 577
1 584
1 596
1 634
1 636
1 637
1 646
1 657
1 662
1 667
1 696
1 721
1 740
1 755
1 758
1 760
1 762
1 765
1 773
1 782
1 793
1 841
1 885
1 888
1 914
1 931
1 970
1 974
1 979
1 1048
1 1599
1 1883
1 2219
1 3058
1 3060
1 3061
1 3083
1 3116
1 3122
1 3131
1 3138
1 3141
1 3152
1 3171
1 3172
1 3182
1 3192
1 3220
1 3226
1 3235
1 3257
1 3273
1 3325
1 3358
1 3369
1 3373
1 3380
1 3395
1 3396
1 3483
1 3484
1 3491
1 3492
1 3499
1 3501
1 3529
1 3536
1 3557
1 3559
1 3574
1 3584
1 3629
1 3662
1 3668
1 3686
1 3689
1 3722
1 3724
1 3754
1 3798
1 3816
1 3876
1 3879
1 3903
1 3914
1 3915
1 3928
1 3939
1 4098
1 4182
1 4583
1 4587
1 4611
1 4822
1 4902
1 5056
1 5163
1 5174
1 6010
1 6055
1 6089
1 6093
1 6101
1 6102
1 6163
1 6173
1 6174
1 6178
1 6181
1 6184
1 6209
1 6214
1 6218
1 6222
1 6237
1 6245
1 6249
1 6262
1 6278
1 6282
1 6292
1 6302
1 6318
1 6320
1 6326
1 6332
1 6350
1 6356
1 6363
1 6378
1 6384
1 6388
1 6396
1 6399
1 6402
1 6408
1 6420
1 6451
1 6464
1 6487
1 6489
1 6496
1 6519
1 6555
1 6593
1 6604
1 6652
1 6666
1 6670
1 6677
1 6678
1 6716
1 6734
1 6753
1 6781
1 6790
1 6792
1 6817
1 6831
1 6832
1 6842
1 6843
1 6924
1 6931
1 6936
1 6959
1 7066
1 7079
1 7100
1 7148
1 7166
1 7188
1 7194
1 7203
1 7215
1 7343
1 7375
1 7439
1 7546
1 7661
1 8006
1 8071
1 8096
1 9094
1 9100
1 9105
1 9143
1 9145
1 9146
1 9157
1 9160
1 9161
1 9173
1 9220
1 9236
1 9239
1 9240
1 9245
1 9269
1 9280
1 9282
1 9284
1 9289
1 9297
1 9298
1 9303
1 9304
1 9309
1 9315
1 9332
1 9355
1 9369
1 9392
1 9409
1 9415
1 9417
1 9418
1 9449
1 9481
1 9495
1 9501
1 9539
1 9562
1 9572
1 9587
1 9591
1 9592
1 9593
1 9614
1 9642
1 9643
1 9655
1 9663
1 9680
1 9694
1 9723
1 9745
1 9764
1 9769
1 9783
1 9791
1 9811
1 9827
1 9861
1 9893
1 9907
1 9979
1 10024
1 10028
1 10031
1 10063
1 10097
1 10109
1 10117
1 10163
1 10785
1 10868
1 10869
1 10886
1 10926
1 10946
1 10960
1 11037
1 11040
1 11043
1 11044
1 11061
1 11078
1 11107
1 11114
1 11116
1 11121
1 11123
1 11125
1 11126
1 11132
1 11136
1 11144
1 11151
1 11162
1 11164
1 11170
1 11172
1 11186
1 11201
1 11206
1 11208
1 11215
1 11233
1 11244
1 11267
1 11281
1 11282
1 11297
1 11301
1 11334
1 11359
1 11360
1 11361
1 11370
1 11373
1 11397
1 11414
1 11428
1 11443
1 11446
1 11515
1 11530
1 11547
1 11568
1 11572
1 11583
1 11592
1 11594
1 11601
1 11604
1 11610
1 11611
1 11618
1 11640
1 11653
1 11670
1 11683
1 11713
1 11753
1 11754
1 11756
1 11766
1 11818
1 11824
1 11829
1 11851
1 11857
1 11867
1 11872
1 11882
1 11894
1 11943
1 11974
1 12020
1 12033
1 12094
1 12320
1 12336
1 12396
1 12416
1 12771
1 12816
1 12849
1 12857
1 12964
1 13097
1 13125
1 13223
1 13228
1 13233
1 13237
1 13240
1 13241
1 13243
1 13244
1 13247
1 13250
1 13253
1 13260
1 13265
1 13273
1 13293
1 13294
1 13312
1 13320
1 13338
1 13339
1 13343
1 13375
1 13376
1 13476
1 13478
1 13490
1 13491
1 13496
1 13499
1 13508
1 13516
1 13519
1 13572
1 13591
1 13595
1 13858
1 13864
1 13869
1 13872
1 13876
1 13880
1 13993
1 14006
1 14219
1 14228
1 14339
1 14352
1 14365
1 14377
1 14402
1 14406
1 14427
1 14431
1 14435
1 14439
1 14456
1 14465
1 14466
1 14472
1 14475
1 14479
1 14483
1 14485
1 14491
1 14510
1 14524
1 14532
1 14545
1 14547
1 14552
1 14558
1 14574
1 14576
1 14587
1 14589
1 14597
1 14639
1 14643
1 14647
1 14652
1 14668
1 14676
1 14678
1 14680
1 14681
1 14687
1 14709
1 14713
1 14721
1 14723
1 14727
1 14732
1 14744
1 14754
1 14763
1 14768
1 14790
1 14797
1 14803
1 14819
1 14861
1 14864
1 14878
1 14894
1 14909
1 14912
1 14931
1 14941
1 14952
1 14954
1 15002
1 15004
1 15030
1 15046
1 15060
1 15104
1 15162
1 15191
1 15193
1 15229
1 15265
1 15287
1 15296
1 15315
1 15356
1 15372
1 15374
1 15383
1 15385
1 15421
1 15425
1 15462
1 15495
1 15498
1 15526
1 15544
1 15552
1 15553
1 15565
1 15571
1 15633
1 15654
1 15668
1 15682
