
state={
	id=351
	name="STATE_351" # Vologda
	manpower = 2352100
	
	state_category = town

	history={
		owner = SOV
		victory_points = {
			75 1
		}

		victory_points = {
			6077 1
		}

		victory_points = {
			9200 1
		}

		victory_points = {
			15635 1
		}

		victory_points = {
			15681 1
		}

		buildings = {
			infrastructure = 2
			steel_refinery = 1
			industrial_complex = 3
		}
		add_core_of = SOV
		victory_points = {
			9131 3
		}
		victory_points = { 3124 3 }
		victory_points = { 166 1 }
	}

	provinces={
		23 60 75 81 84 106 129 135 143 160 163 166 174 196 2996 3056 3057 3079 3087 3091 3099 3124 3135 3154 3157 3160 3164 3175
		6017 6073 6077 6091 6097 6112 6113 6119 6158 6180 6182 6189 6190 9043 9102 9110 9113 9131 9133 9136 9168 9199 9200 9202 9207 9210 9222 11027
		11035 11036 11062 11075 11086 11095 11103 11107 11143 11168 11177 11180 11189 11213 15595 15596 15597 15598 15599 15600 15601 15602 15603 15604 15605 15606 15607 15608
		15609 15610 15611 15612 15613 15614 15615 15616 15617 15618 15619 15620 15621 15622 15623 15624 15625 15626 15627 15628 15629 15630 15631 15632 15633 15634 15635 15636
		15637 15638 15639 15640 15641 15642 15643 15644 15645 15646 15647 15648 15649 15650 15651 15652 15653 15654 15655 15656 15657 15658 15659 15660 15661 15662 15663 15664
		15665 15666 15667 15668 15669 15670 15671 15672 15673 15674 15675 15676 15677 15678 15679 15680 15681 15682 15683 15684 15685 15686 15687 15688 15689 15690 15691 15692
		15693 15694 15695 15696 15697 15698
	}
}
