
state={
	id=398
	name="STATE_398"
	manpower = 2135879
	state_category = rural
	resources={
		tungsten=1172
	}

	history={
		owner = SOV
		buildings = {
			infrastructure = 3
			arms_factory = 1
			industrial_complex = 1
			steel_refinery = 1
		}
		victory_points = {
			7375 1 
		}
		victory_points = { 12527 3 }
		victory_points = { 12187 1 }
		victory_points = { 12216 3 }
		add_core_of = SOV
		1939.1.1 = {
			buildings = {
				arms_factory = 2
			}
		}
	}

	provinces={
		123 189 206 390 983 1336 1365 1380 1494 1754 1846 1874 1891 1929 1950 1960 1969 1974 2007 2009 2040 2063 2066 2100 2139 2151 2156 2161 2171 2177 2192 2210 2216 3127 4128 4314 4326 4372 4787 4802 4833 4978 4995 5017 5028 5039 5054 5101 5120 5121 5138 5151 5155 5160 5189 5202 5208 5215 5220 5224 5231 6008 6025 6027 7088 7161 7219 7346 7375 7623 7794 7820 7842 7919 7983 7996 8036 8048 8054 8058 8189 8201 8206 8207 8217 8219 8223 9137 9283 9740 9986 10025 10071 10176 10286 10314 10336 10442 10538 10621 10668 10679 10694 10739 10761 10762 10788 10805 10812 10818 10827 10857 10858 10908 10927 10930 10937 10941 10972 10978 10982 10991 11000 11012 11111 11195 11228 11352 11571 11682 11934 12175 12187 12216 12527 12587 12600 12626 12692 12716 12719 12762 12787 12838 12907 12915 12921 12925 12926 12933 12940 12949 12963 12971 13040 13048 13094 13196 13202 13210 13418 13426 13435 13579 13627 13947
	}
}
