
state={
	id=400
	name="STATE_400"
	manpower = 2115475
	resources={
		
	}

	state_category = rural

	history={
		owner = SOV
		victory_points = { 6171 5 }
		victory_points = { 6191 1 }
		victory_points = {
			1483 1
		}

		victory_points = {
			1675 1
		}

		victory_points = {
			3103 1
		}

		victory_points = {
			4632 1
		}

		victory_points = {
			7457 1
		}

		victory_points = {
			10378 1
		}

		victory_points = {
			14181 1
		}

		buildings = {
			infrastructure = 3
			steel_refinery = 1
		}
		add_core_of = SOV
	}

	provinces={
		31 45 73 88 112 119 146 175 272 359 634 777 1214 1216 1217 1284 1299 1323 1341 1354 1422 1424 1454 1472 1483 1501 1511 1557 1644 1675 1737 1764 1773 1858 1992 2011 2051 2186 2187 2219 3004 3017 3041 3066 3102 3103 3112 3139 3146 3167 3177 3186 3208 3264 3363 4316 4362 4391 4417 4422 4432 4467 4481 4505 4542 4632 4645 4869 5021 5097 5211 5227 6089 6110 6124 6133 6162 6171 6191 6213 6274 6288 6383 6510 7304 7345 7435 7457 7506 7525 7592 7666 7677 7753 7758 7810 7875 7893 8056 8152 9050 9065 9114 9146 9155 9172 9180 9192 9214 9232 9370 9667 10174 10200 10230 10244 10258 10338 10378 10417 10430 10475 10530 10707 10732 10971 11016 11025 11051 11087 11110 11124 11133 11149 11158 11170 11192 11193 11354 12104 12218 12250 12272 12278 12290 12291 12311 12339 12382 12424 12430 12477 12511 12582 12721 12824 12873 12900 13045 13053 13511 13512 13566 13583 13584 14101 14143 14152 14179 14181 14189 14220 14230 14239 14240
	}
}
